0 0.8308333333333333 0.7208333333333333 0.33166666666666667 0.3383333333333333
0 0.7466666666666667 0.725 0.5066666666666667 0.55
0 0.06583333333333333 0.7866666666666666 0.12166666666666667 0.03
0 0.08583333333333333 0.745 0.08833333333333333 0.016666666666666666
0 0.1125 0.7058333333333333 0.06833333333333333 0.021666666666666667
0 0.12 0.6816666666666666 0.04666666666666667 0.013333333333333334
0 0.16416666666666666 0.6483333333333333 0.058333333333333334 0.016666666666666666
0 0.18916666666666668 0.6258333333333334 0.051666666666666666 0.018333333333333333
0 0.19833333333333333 0.6083333333333333 0.03 0.013333333333333334
0 0.058333333333333334 0.8375 0.09333333333333334 0.025
