0 0.5458333333333333 0.36 0.06833333333333333 0.15
0 0.8958333333333334 0.37583333333333335 0.20166666666666666 0.205
0 0.6641666666666667 0.1875 0.22833333333333333 0.04833333333333333
0 0.7358333333333333 0.4141666666666667 0.155 0.115
0 0.5925 0.6625 0.2916666666666667 0.36833333333333335
0 0.3925 0.41583333333333333 0.21833333333333332 0.12833333333333333
0 0.6841666666666667 0.28583333333333333 0.04833333333333333 0.055
0 0.6633333333333333 0.3225 0.03333333333333333 0.04833333333333333
0 0.8491666666666666 0.23416666666666666 0.18833333333333332 0.025
0 0.9233333333333333 0.3233333333333333 0.1 0.02666666666666667
