0 0.8366666666666667 0.7575 0.32666666666666666 0.345
0 0.67 0.74 0.19333333333333333 0.26666666666666666
0 0.185 0.6441666666666667 0.36666666666666664 0.45166666666666666
0 0.4 0.7291666666666666 0.7066666666666667 0.10833333333333334
0 0.31916666666666665 0.5058333333333334 0.055 0.06166666666666667
0 0.9108333333333334 0.6941666666666667 0.17833333333333334 0.045
0 0.9083333333333333 0.6466666666666666 0.18333333333333332 0.04
0 0.825 0.5633333333333334 0.31333333333333335 0.05
0 0.8033333333333333 0.8016666666666666 0.23333333333333334 0.043333333333333335
0 0.7108333333333333 0.6866666666666666 0.12833333333333333 0.04
