0 0.3675 0.9533333333333334 0.07833333333333334 0.09333333333333334
0 0.96 0.73 0.06 0.02666666666666667
0 0.6266666666666667 0.6491666666666667 0.15 0.03833333333333333
0 0.565 0.605 0.31666666666666665 0.13666666666666666
0 0.20166666666666666 0.9391666666666667 0.32666666666666666 0.12166666666666667
0 0.845 0.885 0.2833333333333333 0.23
0 0.9225 0.9375 0.13833333333333334 0.125
0 0.6883333333333334 0.5366666666666666 0.36666666666666664 0.04
0 0.9541666666666667 0.5825 0.09166666666666666 0.025
0 0.7041666666666667 0.7725 0.2683333333333333 0.13166666666666665
