0 0.6041666666666666 0.6125 0.19833333333333333 0.185
0 0.49166666666666664 0.8441666666666666 0.19 0.245
0 0.10583333333333333 0.8866666666666667 0.20833333333333334 0.04666666666666667
0 0.21166666666666667 0.7058333333333333 0.19 0.045
0 0.2758333333333333 0.5908333333333333 0.125 0.028333333333333332
0 0.5116666666666667 0.6816666666666666 0.18333333333333332 0.02
0 0.49666666666666665 0.6316666666666667 0.15333333333333332 0.023333333333333334
0 0.7325 0.6808333333333333 0.21166666666666667 0.028333333333333332
0 0.7533333333333333 0.7425 0.11666666666666667 0.021666666666666667
0 0.465 0.5725 0.11333333333333333 0.021666666666666667
0 0.575 0.5525 0.04 0.021666666666666667
