0 0.9066666666666666 0.205 0.17333333333333334 0.36
0 0.16333333333333333 0.71 0.28 0.13
0 0.445 0.49416666666666664 0.31666666666666665 0.055
0 0.5758333333333333 0.3416666666666667 0.3383333333333333 0.03666666666666667
0 0.5008333333333334 0.2875 0.175 0.03833333333333333
0 0.8591666666666666 0.23583333333333334 0.265 0.03833333333333333
0 0.8016666666666666 0.4033333333333333 0.39666666666666667 0.04
0 0.9625 0.4241666666666667 0.075 0.028333333333333332
0 0.9058333333333334 0.5841666666666666 0.18833333333333332 0.16166666666666665
0 0.7225 0.7016666666666667 0.555 0.15666666666666668
0 0.6258333333333334 0.22666666666666666 0.18833333333333332 0.03333333333333333
