0 0.45 0.5716666666666667 0.25666666666666665 0.04666666666666667
0 0.5941666666666666 0.2633333333333333 0.19166666666666668 0.03333333333333333
0 0.6858333333333333 0.18583333333333332 0.14833333333333334 0.075
0 0.4241666666666667 0.5366666666666666 0.8116666666666666 0.056666666666666664
0 0.73 0.4041666666666667 0.17666666666666667 0.058333333333333334
0 0.8141666666666667 0.4975 0.105 0.14166666666666666
0 0.8825 0.48 0.235 0.08666666666666667
0 0.8608333333333333 0.305 0.095 0.03333333333333333
0 0.5441666666666667 0.19416666666666665 0.115 0.025
0 0.4241666666666667 0.25333333333333335 0.13166666666666665 0.04
