0 0.19666666666666666 0.5141666666666667 0.056666666666666664 0.11166666666666666
0 0.885 0.5616666666666666 0.22666666666666666 0.13
0 0.37 0.35 0.08333333333333333 0.15666666666666668
0 0.14333333333333334 0.8141666666666667 0.2833333333333333 0.11833333333333333
0 0.48 0.3875 0.04 0.028333333333333332
0 0.0975 0.5608333333333333 0.115 0.03833333333333333
0 0.6383333333333333 0.6358333333333334 0.21333333333333335 0.041666666666666664
0 0.6608333333333334 0.35083333333333333 0.115 0.03166666666666667
0 0.2375 0.8591666666666666 0.08166666666666667 0.18833333333333332
0 0.8275 0.4025 0.14166666666666666 0.035
