0 0.23083333333333333 0.8041666666666667 0.25166666666666665 0.39166666666666666
0 0.435 0.8416666666666667 0.6466666666666666 0.31666666666666665
0 0.43333333333333335 0.6108333333333333 0.07 0.018333333333333333
0 0.12083333333333333 0.8841666666666667 0.06833333333333333 0.025
0 0.7908333333333334 0.6841666666666667 0.12833333333333333 0.065
0 0.6116666666666667 0.6166666666666667 0.02666666666666667 0.01
0 0.6933333333333334 0.5666666666666667 0.05333333333333334 0.016666666666666666
0 0.8008333333333333 0.6116666666666667 0.058333333333333334 0.016666666666666666
0 0.5275 0.6458333333333334 0.035 0.008333333333333333
0 0.33166666666666667 0.5541666666666667 0.05 0.015
