0 0.25583333333333336 0.8708333333333333 0.5083333333333333 0.25833333333333336
0 0.7425 0.8516666666666667 0.515 0.22666666666666666
0 0.09583333333333334 0.6341666666666667 0.04833333333333333 0.008333333333333333
0 0.23 0.6991666666666667 0.13 0.045
0 0.5566666666666666 0.67 0.04666666666666667 0.023333333333333334
0 0.5458333333333333 0.7941666666666667 0.051666666666666666 0.028333333333333332
0 0.7083333333333334 0.5825 0.29 0.03166666666666667
0 0.15583333333333332 0.6183333333333333 0.30833333333333335 0.08333333333333333
0 0.5633333333333334 0.6575 0.20333333333333334 0.065
0 0.30333333333333334 0.5358333333333334 0.12333333333333334 0.03833333333333333
0 0.5225 0.6016666666666667 0.22166666666666668 0.03333333333333333
