0 0.8991666666666667 0.7616666666666667 0.20166666666666666 0.08666666666666667
0 0.2758333333333333 0.6333333333333333 0.115 0.04666666666666667
0 0.8541666666666666 0.9141666666666667 0.25166666666666665 0.155
0 0.915 0.8241666666666667 0.03333333333333333 0.06166666666666667
0 0.42083333333333334 0.9433333333333334 0.045 0.10333333333333333
0 0.42833333333333334 0.9416666666666667 0.06333333333333334 0.11666666666666667
0 0.4041666666666667 0.8016666666666666 0.03833333333333333 0.16
0 0.2675 0.6208333333333333 0.09833333333333333 0.07166666666666667
0 0.2633333333333333 0.85 0.06666666666666667 0.26666666666666666
0 0.20333333333333334 0.785 0.36666666666666664 0.05
0 0.6391666666666667 0.8741666666666666 0.3616666666666667 0.04833333333333333
0 0.9733333333333334 0.8775 0.03333333333333333 0.07166666666666667
0 0.26916666666666667 0.8825 0.37166666666666665 0.051666666666666666
