0 0.8158333333333333 0.36833333333333335 0.34833333333333333 0.31333333333333335
0 0.8283333333333334 0.41583333333333333 0.3433333333333333 0.4083333333333333
0 0.3591666666666667 0.13666666666666666 0.12166666666666667 0.07666666666666666
0 0.6158333333333333 0.23 0.17166666666666666 0.21666666666666667
0 0.51 0.3408333333333333 0.14333333333333334 0.035
0 0.6158333333333333 0.23 0.17166666666666666 0.21666666666666667
0 0.3441666666666667 0.33166666666666667 0.11166666666666666 0.10333333333333333
0 0.5216666666666666 0.5216666666666666 0.24 0.056666666666666664
0 0.3283333333333333 0.665 0.11333333333333333 0.23
0 0.16666666666666666 0.37083333333333335 0.17 0.17166666666666666
