0 0.5041666666666667 0.555 0.9583333333333334 0.4866666666666667
0 0.2975 0.30916666666666665 0.12166666666666667 0.035
0 0.19666666666666666 0.2608333333333333 0.38666666666666666 0.105
0 0.06 0.7666666666666667 0.11333333333333333 0.20333333333333334
0 0.6566666666666666 0.32416666666666666 0.15333333333333332 0.08833333333333333
0 0.2625 0.8641666666666666 0.08166666666666667 0.095
0 0.5466666666666666 0.4925 0.10666666666666667 0.041666666666666664
0 0.4558333333333333 0.265 0.06833333333333333 0.02666666666666667
0 0.8116666666666666 0.5516666666666666 0.19 0.2
0 0.9208333333333333 0.4558333333333333 0.14166666666666666 0.15166666666666667
0 0.26666666666666666 0.5375 0.22 0.26166666666666666
