0 0.19833333333333333 0.8 0.3 0.36
0 0.9291666666666667 0.7241666666666666 0.14166666666666666 0.12166666666666667
0 0.8591666666666666 0.9 0.20166666666666666 0.17666666666666667
0 0.7908333333333334 0.7683333333333333 0.195 0.17
0 0.5858333333333333 0.8925 0.14166666666666666 0.165
0 0.585 0.7316666666666667 0.11666666666666667 0.12333333333333334
0 0.46166666666666667 0.7833333333333333 0.07333333333333333 0.16
0 0.31583333333333335 0.9275 0.09833333333333333 0.145
0 0.395 0.6566666666666666 0.023333333333333334 0.06
0 0.505 0.65 0.023333333333333334 0.05
