0 0.45166666666666666 0.4741666666666667 0.11 0.27166666666666667
0 0.7608333333333334 0.3425 0.06833333333333333 0.03833333333333333
0 0.6141666666666666 0.31583333333333335 0.04833333333333333 0.041666666666666664
0 0.36083333333333334 0.36333333333333334 0.185 0.05
0 0.665 0.61 0.3333333333333333 0.06
0 0.9683333333333334 0.4658333333333333 0.06 0.095
0 0.6583333333333333 0.1675 0.09666666666666666 0.12166666666666667
0 0.5316666666666666 0.2683333333333333 0.043333333333333335 0.08333333333333333
0 0.935 0.29333333333333333 0.13 0.03333333333333333
0 0.8475 0.29833333333333334 0.041666666666666664 0.03
0 0.48083333333333333 0.2833333333333333 0.065 0.02
