0 0.5166666666666667 0.86 0.20666666666666667 0.056666666666666664
0 0.6975 0.8683333333333333 0.15833333333333333 0.07333333333333333
0 0.5841666666666666 0.7241666666666666 0.12166666666666667 0.041666666666666664
0 0.8708333333333333 0.8791666666666667 0.215 0.04833333333333333
0 0.8291666666666667 0.7833333333333333 0.30833333333333335 0.023333333333333334
0 0.7658333333333334 0.7233333333333334 0.215 0.02666666666666667
0 0.43416666666666665 0.7091666666666666 0.16833333333333333 0.04833333333333333
0 0.20333333333333334 0.8566666666666667 0.4 0.056666666666666664
0 0.38333333333333336 0.555 0.03 0.023333333333333334
0 0.1925 0.6016666666666667 0.08166666666666667 0.03333333333333333
0 0.06666666666666667 0.655 0.12333333333333334 0.05333333333333334
0 0.6258333333333334 0.6791666666666667 0.03833333333333333 0.041666666666666664
