0 0.9391666666666667 0.9275 0.12166666666666667 0.145
0 0.7675 0.7616666666666667 0.28833333333333333 0.22333333333333333
0 0.6816666666666666 0.8808333333333334 0.21666666666666667 0.20166666666666666
0 0.5458333333333333 0.6733333333333333 0.145 0.15666666666666668
0 0.4791666666666667 0.7416666666666667 0.08166666666666667 0.12333333333333334
0 0.175 0.815 0.23666666666666666 0.37
0 0.37916666666666665 0.645 0.051666666666666666 0.08666666666666667
0 0.4125 0.8333333333333334 0.025 0.043333333333333335
0 0.8875 0.765 0.11833333333333333 0.056666666666666664
0 0.7741666666666667 0.6766666666666666 0.205 0.10666666666666667
0 0.7033333333333334 0.67 0.08 0.04666666666666667
0 0.9258333333333333 0.9066666666666666 0.14833333333333334 0.12333333333333334
