0 0.43833333333333335 0.17416666666666666 0.05 0.09166666666666666
0 0.6541666666666667 0.23166666666666666 0.03166666666666667 0.06333333333333334
0 0.3933333333333333 0.5283333333333333 0.13666666666666666 0.49333333333333335
0 0.33666666666666667 0.285 0.21333333333333335 0.043333333333333335
0 0.6183333333333333 0.3408333333333333 0.2833333333333333 0.041666666666666664
0 0.84 0.2575 0.31666666666666665 0.051666666666666666
0 0.8741666666666666 0.345 0.24166666666666667 0.07
0 0.5758333333333333 0.26666666666666666 0.195 0.04666666666666667
0 0.2808333333333333 0.57 0.19833333333333333 0.043333333333333335
0 0.7083333333333334 0.6908333333333333 0.5833333333333334 0.145
