0 0.3541666666666667 0.6533333333333333 0.04833333333333333 0.03333333333333333
0 0.8925 0.7583333333333333 0.215 0.16666666666666666
0 0.3958333333333333 0.6475 0.195 0.3283333333333333
0 0.4075 0.815 0.08166666666666667 0.04666666666666667
0 0.545 0.6208333333333333 0.10666666666666667 0.09833333333333333
0 0.31416666666666665 0.91 0.041666666666666664 0.18
0 0.39416666666666667 0.9433333333333334 0.03833333333333333 0.11333333333333333
0 0.5866666666666667 0.7516666666666667 0.04 0.13
0 0.08833333333333333 0.8658333333333333 0.16666666666666666 0.2683333333333333
0 0.8358333333333333 0.5766666666666667 0.3283333333333333 0.16
