0 0.37833333333333335 0.44083333333333335 0.56 0.5683333333333334
0 0.4033333333333333 0.235 0.10333333333333333 0.17
0 0.6541666666666667 0.49166666666666664 0.10166666666666667 0.03
0 0.5283333333333333 0.4166666666666667 0.22 0.03666666666666667
0 0.6791666666666667 0.19833333333333333 0.155 0.05
0 0.6733333333333333 0.24916666666666668 0.18 0.028333333333333332
0 0.6733333333333333 0.28583333333333333 0.14333333333333334 0.021666666666666667
0 0.7433333333333333 0.33416666666666667 0.15 0.035
0 0.7383333333333333 0.38416666666666666 0.12666666666666668 0.025
0 0.6816666666666666 0.14666666666666667 0.03 0.06
