0 0.285 0.7175 0.22333333333333333 0.14166666666666666
0 0.7891666666666667 0.72 0.035 0.023333333333333334
0 0.30333333333333334 0.87 0.13 0.10666666666666667
0 0.37916666666666665 0.795 0.14166666666666666 0.04
0 0.335 0.7258333333333333 0.23 0.03833333333333333
0 0.045 0.8658333333333333 0.08 0.018333333333333333
0 0.0675 0.9033333333333333 0.08166666666666667 0.06
0 0.6191666666666666 0.73 0.31166666666666665 0.043333333333333335
0 0.5908333333333333 0.6916666666666667 0.028333333333333332 0.1
0 0.955 0.9483333333333334 0.07 0.10333333333333333
