0 0.24833333333333332 0.9291666666666667 0.13333333333333333 0.07833333333333334
0 0.3925 0.9316666666666666 0.11833333333333333 0.07666666666666666
0 0.41333333333333333 0.7733333333333333 0.07666666666666666 0.04
0 0.3475 0.7525 0.06166666666666667 0.03166666666666667
0 0.6141666666666666 0.7783333333333333 0.06166666666666667 0.04666666666666667
0 0.5141666666666667 0.9333333333333333 0.03166666666666667 0.03
0 0.5075 0.5916666666666667 0.065 0.03333333333333333
0 0.5408333333333334 0.8441666666666666 0.9183333333333333 0.31166666666666665
0 0.125 0.7175 0.07666666666666666 0.028333333333333332
0 0.5483333333333333 0.65 0.17666666666666667 0.05
