0 0.5766666666666667 0.8758333333333334 0.05333333333333334 0.065
0 0.6908333333333333 0.915 0.12833333333333333 0.16
0 0.11 0.9816666666666667 0.07666666666666666 0.03666666666666667
0 0.4975 0.73 0.10833333333333334 0.04
0 0.14083333333333334 0.9408333333333333 0.22833333333333333 0.11833333333333333
0 0.8266666666666667 0.8258333333333333 0.19333333333333333 0.115
0 0.9725 0.7825 0.051666666666666666 0.018333333333333333
0 0.4975 0.8266666666666667 0.03833333333333333 0.14333333333333334
0 0.5183333333333333 0.5675 0.16 0.058333333333333334
0 0.655 0.6283333333333333 0.09666666666666666 0.06666666666666667
